lower = 9.90462171383473e8565705522
upper = 9.90462171383473e8565705522
